13.31071
14.15938
14.1384
14.14004
13.20937
13.59256
13.70036
13.59273
13.60582
13.64413
13.64634
13.63963
13.61971
13.64204
13.64389
13.64699
13.64024
13.63927
13.64174
13.61758
13.64404
13.64704
13.64396
13.64286
13.64241
13.63827
13.64137
13.64543
13.64095
13.64399
13.64179
13.63869
13.64113
13.63722
13.54594
13.75422
13.279
13.27302
13.27706
13.27564
13.27807
13.27545
13.27766
13.27556
13.27828
13.27478
13.27801
13.27316
13.27762
13.27563
13.27632
13.27674
13.27576
13.2779
13.2748
13.27817
13.27544
13.2781
13.27509
13.27806
13.27532
13.27814
13.27535
13.27664
13.27659
13.27604
13.27743
13.27572
13.27781
13.27577
13.27811
13.27489
13.27804
13.27528
13.27819
13.27536
13.27817
13.27521
13.2781
13.27553
13.27517
13.2776
13.27561
13.27797
13.27547
13.27768
13.27549
13.27821
13.27478
13.27793
13.27533
13.27818
13.27528
13.27698
13.27609
13.27622
13.27742
13.27474
13.27799
13.27549
13.27809
13.27511
13.27799
13.27545
13.27811
13.2748
13.27731
13.27614
13.27641
13.27701
13.27567
13.27757
13.27574
13.27804
13.2747
13.27806
13.27543
13.27808
13.27533
13.27799
13.27529
13.27823
13.27533
13.27533
13.27746
13.27571
13.27783
13.27559
13.27748
13.27553
13.27828
13.27471
13.27791
13.27531
13.27821
13.27511
13.27742
13.27575
13.2767
13.27693
13.2748
13.27791
13.27556
13.27803
13.27514
13.27792
13.27517
13.27825
13.27476
13.27757
13.27569
13.27676
13.27639
13.27582
13.27751
13.27554
13.27803
13.27497
13.2781
13.27539
13.27814
13.2754
13.27809
13.27535
13.27812
13.27535
13.27535
13.27773
13.27567
13.27781
13.27559
13.27778
13.27556
13.27823
13.27477
13.2781
13.27532
13.27822
13.27533
13.27767
13.27537
13.27712
13.27654
13.27485
13.27786
13.27558
13.27799
13.27516
13.27794
13.27539
13.27825
13.27468
13.27791
13.27545
13.2771
13.27611
13.27606
13.27716
13.2756
13.27793
13.27489
13.27809
13.27537
13.27817
13.27528
13.27811
13.27531
13.27828
13.27522
13.27577
13.27727
13.27579
13.27762
13.2757
13.27785
13.27552
13.27819
13.27485
13.27816
13.27536
13.27806
13.27527
13.27798
13.27543
13.27768
13.27609
13.27514
13.27791
13.27551
13.27789
13.27562
13.27789
13.27549
13.27819
13.27458
13.278
13.27542
13.27767
13.27555
13.27625
13.27687
13.27555
13.27785
13.27507
13.27797
13.27523
13.27811
13.27536
13.27799
13.27538
13.27826
13.27516
13.27649
13.27672
13.27578
13.27769
13.27574
13.27769
13.27558
13.27812
13.27491
13.27815
13.27538
13.27803
13.27531
13.27805
13.27537
13.27806
13.27553
13.2751
13.27791
13.27556
13.27798
13.27548
13.27786
13.27555
13.27825
13.27479
13.2781
13.27538
13.27799
13.27522
13.27712
13.2762
13.27611
13.27767
13.27499
13.27803
13.27554
13.27801
13.27543
13.27792
13.27533
13.27823
13.27506
13.27685
13.27639
13.27629
13.27719
13.27577
13.27754
13.2756
13.27812
13.27491
13.27809
13.27541
13.27806
13.27527
13.27812
13.27525
13.27812
13.27551
13.27514
13.27778
13.27552
13.27792
13.2755
13.27784
13.27554
13.2783
13.27477
13.27815
13.27516
13.27839
13.27521
13.27746
13.27601
13.27638
13.27741
13.27513
13.27794
13.27558
13.27808
13.27557
13.2779
13.2755
13.27817
13.27508
13.27756
13.27583
13.27681
13.27681
13.2757
13.2777
13.27576
13.27816
13.27494
13.27811
13.27551
13.27799
13.27548
13.27819
13.27531
13.27831
13.27551
13.27522
13.27779
13.27563
13.27789
13.27569
13.27785
13.27564
13.27829
13.27482
13.27797
13.27543
13.27805
13.27548
13.27798
13.27535
13.27699
13.27687
13.2751
13.27805
13.27556
13.27799
13.27548
13.27796
13.27551
13.27821
13.27503
13.27787
13.27556
13.27721
13.27625
13.27598
13.27749
13.27583
13.27805
13.27503
13.27808
13.27551
13.27803
13.27542
13.27812
13.27543
13.27828
13.2755
13.27573
13.27736
13.2757
13.27789
13.27558
13.27778
13.27572
13.27804
13.27487
13.27815
13.27546
13.2781
13.27538
13.27799
13.2754
13.27759
13.27616
13.27512
13.27791
13.27568
13.27804
13.27546
13.27794
13.27559
13.27809
13.27499
13.27797
13.27555
13.27753
13.27591
13.27646
13.27715
13.27573
13.27796
13.27503
13.27805
13.27557
13.27799
13.27546
13.278
13.27544
13.27826
13.27534
13.27638
13.27687
13.27584
13.27773
13.27565
13.27788
13.27558
13.27819
13.27495
13.27816
13.27548
13.27809
13.27541
13.27799
13.27538
13.27791
13.27578
13.27523
13.27801
13.27557
13.27797
13.27564
13.27792
13.27554
13.27828
13.27475
13.27818
13.27552
13.27816
13.27542
13.27702
13.27646
13.27603
13.27793
13.27507
13.27804
13.27554
13.27804
13.27549
13.27808
13.27542
13.2783
13.2752
13.27699
13.27644
13.27618
13.27738
13.27579
13.27761
13.27569
13.2781
13.275
13.27819
13.27551
13.2782
13.27531
13.27815
13.27545
13.27816
13.2755
13.27528
13.27783
13.27568
13.27795
13.27564
13.27782
13.27559
13.27829
13.27488
13.27829
13.27533
13.27822
13.27538
13.27749
13.27595
13.27651
13.27742
13.275
13.27816
13.27544
13.27811
13.27541
13.27809
13.27547
13.27833
13.27513
13.27756
13.27578
13.27666
13.27674
13.27576
13.27781
13.27565
13.27814
13.27505
13.27814
13.27531
13.2782
13.27543
13.2781
13.27537
13.27824
13.27552
13.2753
13.27775
13.27577
13.27798
13.27556
13.2779
13.2755
13.27831
13.2748
13.2783
13.27538
13.27823
13.27541
13.2778
13.27566
13.27701
13.27687
13.27519
13.27796
13.27551
13.27812
13.27555
13.27798
13.27552
13.2783
13.27505
13.27799
13.27536
13.27712
13.27628
13.276
13.27758
13.27572
13.2781
13.27504
13.27819
13.27537
13.27811
13.27541
13.27813
13.27536
13.27832
13.2753
13.27569
13.27748
13.27585
13.27783
13.27561
13.27788
13.27553
13.27834
13.27476
13.27826
13.2754
13.27818
13.27547
13.27812
13.27532
13.27768
13.27614
13.27516
13.27799
13.27559
13.27807
13.2755
13.27804
13.2756
13.27824
13.27492
13.27811
13.27526
13.27753
13.276
13.27639
13.27712
13.2758
13.27803
13.27499
13.2781
13.27542
13.27812
13.27546
13.27804
13.27537
13.27834
13.27523
13.27635
13.27687
13.27602
13.27768
13.27568
13.27791
13.2756
13.27823
13.27488
13.27822
13.27538
13.27821
13.27531
13.27828
13.27536
13.27759
13.27317
13.27512
13.278
13.27568
13.27789
13.27565
13.27796
13.2756
13.27828
13.27481
13.27797
13.27549
13.2777
13.27584
13.27642
13.27701
13.27587
13.278
13.275
13.27806
13.27554
13.27799
13.27549
13.27803
13.27538
13.27827
13.27531
13.27644
13.27674
13.27592
13.27771
13.27562
13.27785
13.2757
13.27814
13.27489
13.27818
13.27547
13.27699
13.27524
13.27825
13.27543
13.27813
13.27573
13.27528
13.27818
13.27573
13.27808
13.2756
13.27801
13.27567
13.27816
13.27496
13.27835
13.27542
13.27809
13.27565
13.2769
13.27662
13.27611
13.27796
13.27523
13.27807
13.27553
13.27818
13.27558
13.27811
13.27544
13.27831
13.27516
13.27715
13.27649
13.27613
13.27754
13.27586
13.2778
13.27581
13.27819
13.27501
13.27825
13.27553
13.27831
13.27531
13.2782
13.27555
13.27822
13.27568
13.27539
13.27784
13.27576
13.27799
13.27584
13.27796
13.27543
13.27833
13.27489
13.2783
13.27543
13.2783
13.27548
13.27753
13.27604
13.2766
13.27732
13.27531
13.27803
13.27573
13.27816
13.27557
13.27808
13.27555
13.27823
13.2753
13.2774
13.27613
13.27659
13.27706
13.27597
13.27784
13.27586
13.27824
13.27516
13.27818
13.27542
13.27822
13.27549
13.27811
13.27554
13.27825
13.27563
13.27531
13.27787
13.27579
13.27803
13.27562
13.27785
13.27568
13.27829
13.27496
13.27839
13.27544
13.27828
13.27538
13.27792
13.27566
13.2769
13.27714
13.27514
13.27799
13.27576
13.27811
13.27562
13.27804
13.27563
13.27823
13.27525
13.27771
13.2759
13.27707
13.27664
13.27608
13.27763
13.27578
13.27828
13.27515
13.27812
13.27571
13.27809
13.27554
13.27813
13.27551
13.27827
13.27575
13.27563
13.27767
13.27579
13.2778
13.27587
13.27783
13.27578
13.27829
13.27494
13.27833
13.27553
13.27825
13.27546
13.27816
13.27556
13.27748
13.27632
13.27526
13.27807
13.27569
13.27808
13.27566
13.278
13.27566
13.27837
13.27504
13.27805
13.27563
13.27773
13.27607
13.27631
13.27724
13.2759
13.27811
13.2752
13.27821
13.2756
13.2781
13.27567
13.27818
13.27566
13.27818
13.27554
13.27632
13.27704
13.27582
13.27782
13.27579
13.27791
13.27587
13.27823
13.27506
13.27817
13.27558
13.27834
13.27538
13.27822
13.27557
13.27798
13.27583
13.27537
13.27799
13.27583
13.27793
13.27585
13.27795
13.27559
13.27823
13.27493
13.27832
13.27561
13.278
13.27559
13.27697
13.27669
13.27595
13.34073
13.59293
13.72127
13.75367
13.75164
13.74486
13.75428
13.75034
13.75269
13.75363
13.75496
13.67987
13.26612
13.77369