13.34064
14.11293
14.13303
14.09466
14.11809
13.64276
14.13575
14.13642
14.07358
14.25569
14.27718
14.16448
13.4916
13.52029
13.68215
13.17107
13.62834
13.24306
13.43427
13.38861
13.41561
14.40745
14.14531
13.55789
13.3963
14.1805
14.46587
13.55541
13.45889
14.54831
14.07287
13.60977
13.70035
14.6843
14.10001
13.60766
14.81138
15.04024
15.03932
15.02514
14.53272
14.57131
14.57135
14.57012
14.57152
14.57017
14.57158
14.26426
14.60217
14.60208
14.60308
14.60322
14.60312
14.602
14.60338
14.8709
15.04502
15.03999
15.03688
14.6794
14.57087
14.57012
14.57151
14.57154
14.57138
14.57028
14.27377
14.60169
14.603
14.60213
14.603
14.59811
14.60195
14.60297
14.82622
15.04001
15.04106
15.04125
14.72012
14.57087
14.57055
14.57144
14.57144
14.57153
14.57035
14.25924
14.60233
14.60295
14.60177
14.60304
14.60295
14.60322
14.60191
14.77945
15.03345
15.0432
15.03757
14.77591
14.57073
14.57144
14.57043
14.57124
14.57135
14.57157
14.26311
14.59847
14.60326
14.60249
14.60211
14.60324
14.60314
14.60314
14.18779
13.64112
13.76239
13.76696
13.7736
13.76783
13.71762
13.87397
13.88085
13.84594
13.88522
13.82514
13.91713
13.90249
13.89701
13.89277
13.85917
13.87588
13.87812
13.90345
13.70704
13.91567
13.90092
13.88177
13.91815
13.82931
13.89266
13.83828
13.92909
13.91539
13.7305
13.83246
13.86474
13.92467
13.85378
13.90187
13.86957
13.89357
13.94137
13.84304
13.90538
13.85774
13.87711
13.89558
13.84942
13.9333
13.90128
13.89347
13.88261
13.88493
13.91679
13.86946
13.92058
13.92637
13.82962
13.86622
13.82002
13.92037
13.74278
13.92362
13.77544
13.90336
13.86904
13.88718
13.9422
13.88077
13.91631
13.91536
13.89855
13.9152
13.80857
13.92231
13.93002
13.83703
13.89103
13.87804
13.4166
13.75889
13.78457
13.7641
13.76973
13.78208
13.9382
13.83293
13.93182
13.86626
13.80895
13.81223
13.86053
13.93936
13.86125
13.94132
13.87301
13.86949
13.89891
13.86829
13.91544
13.85086
13.90773
13.90114
13.85105
13.92197
13.81233
13.92754
13.84818
13.9069
13.93817
13.87512
13.93122
13.88491
13.90454
13.89219
13.88269
13.9476
13.75518
13.91942
13.82568
13.9064
13.91232
13.81942
13.93192
13.79826
13.92302
13.89628
13.89417
13.89214
13.88412
13.9067
13.87332
13.9003
13.92562
13.86931
13.9398
13.84343
13.93999
13.92055
13.84549
13.91599
13.85086
13.92238
13.89678
13.76116
13.83368
13.83936
13.9275
13.81694
13.9493
13.75745
13.9145
13.89389
14.24731
13.83975
13.81201
13.80325
13.80158
13.79874
13.93094
13.90358
13.87275
13.87407
13.81562
13.92165
13.89137
13.87486
13.90281
13.84542
13.92736
13.83416
13.857
13.87034
13.86594
13.93346
13.83207
13.92632
13.84323
13.90514
13.88747
13.88318
13.9061
13.8205
13.94399
13.90539
13.89531
13.91615
13.83712
13.92186
13.83442
13.91346
13.91123
13.87397
13.91357
13.89611
13.89998
13.89566
13.85958
13.91522
13.8155
13.94984
13.87604
13.89744
13.90122
13.88261
13.92853
13.85734
13.93598
13.89417
13.87245
13.92864
13.84363
13.91493
13.90713
13.92198
13.93993
13.85036
13.93235
13.85591
13.88731
13.88839
13.84781
13.93139
13.92733
13.8822
13.90083
14.11912
13.99724
13.80076
13.80291
13.80553
13.79745
13.9155
13.89604
13.87901
13.9146
13.78076
13.93898
13.86111
13.90963
13.91587
13.82388
13.89701
13.81459
13.9248
13.92261
13.88886
13.93078
13.83516
13.89611
13.82764
13.91623
13.93854
13.90287
13.92993
13.8261
13.8221
13.74319
13.91253
13.91529
13.85756
13.9177
13.71268
13.91854
13.88597
13.94785
13.94826
13.81645
13.9364
13.85146
13.91414
13.90511
13.83074
13.93438
13.83263
13.93239
13.87874
13.87693
13.90019
13.82095
13.94319
13.87266
13.92039
13.82304
13.91506
13.91191
13.81346
13.90936
13.8923
13.87034
13.90766
13.87555
13.93377
13.8329
13.90067
13.90942
13.86596
13.95474
13.90574
14.02674
14.08057
13.80264
13.80441
13.8114
13.80604
13.89405
13.89312
13.89288
13.89781
13.84584
13.9213
13.84991
13.94197
13.88374
13.89853
13.8656
13.81188
13.93659
13.86094
13.91441
13.90304
13.87635
13.8942
13.69726
13.91806
13.76577
13.93997
13.93976
13.89012
13.93373
13.81207
13.95197
13.88887
13.85122
13.92259
13.75641
13.89923
13.8119
13.90732
13.90431
13.89647
13.90671
13.84509
13.92366
13.93101
13.85463
13.89381
13.88649
13.94958
13.8379
13.90389
13.8773
13.83517
13.91674
13.88036
13.92418
13.88605
13.89564
13.92805
13.82496
13.89716
13.76041
13.93092
13.82485
13.89
13.9213
13.84627
13.89708
13.91377
13.89696
13.88154
13.86897
13.91734
14.24106
13.83359
13.79913
13.80318
13.81485
13.87097
13.86607
13.91181
13.81565
13.93764
13.84138
13.87288
13.87258
13.90471
13.94648
13.82071
13.92337
13.88856
13.77897
13.83391
13.83508
13.92846
13.82773
13.90421
13.91648
13.9211
13.946
13.91192
13.91412
13.86644
13.93259
13.92395
13.86864
13.9214
13.8774
13.904
13.90437
13.8427
13.94589
13.84189
13.90275
13.87083
13.87363
13.90755
13.85223
13.93368
13.7989
13.90135
13.91911
13.87014
13.95383
13.84999
13.92566
13.84346
13.86944
13.8911
13.88107
13.92375
13.87219
13.89412
13.89853
13.85904
13.93026
13.71177
13.91469
13.92135
13.91418
13.909
13.832
13.91681
13.8562
13.93162
13.87847
14.07678
13.8336
13.81806
14.74639
14.66174
14.57102
14.86398
13.98138
13.89438
14.73832
14.74936
14.70679
14.86464
14.02453
13.91783
14.73667
14.74945
14.68578
14.86465
14.0474
13.89319
14.73194
14.74771
14.70692
14.86315
14.06473
13.72606
13.47522
13.47228
13.37012
13.4979
14.1586
13.331
13.22675
13.21196
13.51153