19.54404567
20.363079
19.559279
17.470979
17.215379
17.059079
16.91904567
16.91924567
16.95024567
16.928379
19.08814567
23.354579
23.64521233
23.60374567
23.46451233
23.65111233
21.567879
17.417779
17.26431233
18.554079
18.725579
18.578379
17.61561233
18.21451233
18.34584567
18.37674567
18.626379
18.48014567
19.496779
19.66731233
18.569879
16.97874567
16.934779
16.84534567
16.95141233
16.89881233
16.99444567
16.65244567
23.051479
24.30171233
23.532579
23.31971233
23.75361233
21.41661233
18.618379
18.635379
18.80451233
18.65471233
18.65584567
18.71351233
18.61041233
18.156979
18.295679
17.62594567
18.356179
19.73751233
19.66324567
19.77434567
19.54911233
19.53261233
20.42274567
20.79001233
19.52224567
19.08061233
20.183279
18.68504567
19.759379
19.11191233
21.755379
19.73314567
18.975679
18.59041233
21.02444567
17.170579
17.96644567
18.58991233
18.25671233
18.558379
18.58974567
18.533179
18.53601233
18.33711233
18.45234567
18.569879
19.01751233
18.725179
20.01661233
21.408179
19.68521233
19.61631233
18.76741233
19.73681233
19.338279
21.208479
18.78071233
20.028079
19.825779
19.032579
17.24781233
17.573979
18.55761233
18.440779
18.64331233
18.73431233
18.510779
18.65824567
18.79644567
18.282479
17.94581233
18.680779
18.738879
18.07204567
18.877279
18.566079
18.72361233
18.71964567
18.35541233
19.149779
18.64164567
18.645679
18.52681233
18.33864567
18.58924567
18.397379
18.13981233
18.107879
18.39181233
18.518979
18.80274567
18.891379
18.745179
18.50671233
18.33774567
17.97151233
18.759179
18.445179
17.574079
18.45044567
19.04781233
18.32854567
18.60404567
18.62784567
18.511679
18.28791233
16.52491233
16.13924567
18.88731233
18.418279
18.805779
18.729479
18.60671233
18.25261233
18.91714567
18.49921233
17.48571233
18.71444567
18.45761233
19.06664567
18.411379
18.84144567
18.678279
18.873079
18.61104567
18.631779
18.58601233
18.75871233
18.80631233
17.721979
18.981879
18.057079
18.94001233
18.538279
18.11614567
18.35234567
17.33024567
18.89644567
18.75724567
18.48264567
18.944379
18.849279
18.73134567
18.80824567
18.670779
18.68221233
18.789679
18.72221233
18.61691233
18.86384567
18.828279
18.59311233
18.69041233
18.80551233
18.13924567
19.50684567
19.22091233
18.72721233
18.448879
20.13341233
20.92921233
20.20474567
20.052279
18.500779
18.771279
18.97864567
20.82091233
19.72524567
20.190679
20.416979
21.06004567
20.68524567
20.96904567
20.06204567
20.827379
19.46864567
20.880379
19.36204567
20.818679
19.824979
20.70731233
19.196579
19.473979
19.20104567
20.89871233
19.375279
20.29151233
20.17831233
19.65811233
19.99031233
20.79924567
20.49844567
20.90514567
19.00494567
19.35931233
19.43781233
20.61251233
20.24204567
20.17661233
20.36351233
19.887879
21.157779
20.26851233
19.532879
20.778779
19.20504567
20.36324567
18.79871233
19.37061233
20.825279
20.67121233
20.62434567
19.51201233
19.440079
19.947179
20.96141233
20.35741233
20.65264567
19.03161233
20.54061233
18.99761233
19.63091233
19.12671233
18.92464567
20.41674567
19.90924567
19.06361233
20.83941233
19.53364567
19.51891233
19.44174567
18.97771233
19.14304567
20.007879
20.039179
20.48944567
20.18324567
19.73281233
21.15264567
20.37561233
20.197079
20.38851233
20.375479
19.274679
20.91284567
20.14004567
20.03374567
19.54694567
19.28711233
20.091079
19.65341233
20.83754567
21.01641233
19.409579
19.92784567
20.87241233
20.156179
20.27781233
20.564079
20.52144567
20.524979
20.14431233
19.449879
20.385379
20.13164567
20.73641233
19.96594567
18.940979
21.12884567
19.36304567
19.50284567
19.93121233
20.10594567
19.82074567
19.88874567
19.46884567
19.871579
19.61721233
20.09741233
20.78724567
20.00284567
20.43161233
20.20934567
20.16561233
20.653379
20.38241233
20.23454567
18.820879
19.10784567
19.90524567
20.332379
19.648179
20.12041233
19.73261233
19.98084567
19.377179
19.923179
20.03641233
19.38051233
20.22154567
20.61301233
20.90744567
20.001479
19.93414567
19.478579
19.91561233
19.56791233
18.75414567
19.28734567
19.47444567
18.606379
19.13151233
19.344679
19.19181233
19.13074567
20.34304567
20.54861233
19.18784567
19.289179
19.110279
19.662679
19.31081233
19.79724567
20.42754567
19.64711233
19.950579
20.257079
21.029679
19.07464567
18.99304567
19.681579
19.605479
19.68364567
19.465279
19.63301233
20.43444567
19.44201233
19.51101233
19.48931233
21.08781233
20.33711233
21.01451233
20.393979
20.358179
18.909479
19.864079
19.04084567
18.82424567
19.618379
19.187579
19.63004567
20.443379
20.31074567
20.07444567
19.34354567
20.168379
19.52351233
20.37271233
19.97621233
19.37341233
21.188879
20.39161233
20.11594567
19.89601233
20.598679
19.82654567
20.331679
20.86071233
21.33381233
20.26784567
20.40134567
19.91564567
20.16474567
20.331679
21.364079
20.85811233
19.848379
20.05901233
20.08894567
21.16104567
20.50621233
20.23254567
20.81311233
18.94821233
21.73051233
19.86461233
20.12311233
19.82241233
22.00021233
20.011479
20.87524567
20.094079
19.821579
20.29811233
20.614079
20.93441233
19.742379
21.09894567
20.329279
20.119279
20.16571233
20.404079
20.44774567
19.631579
19.715179
20.90904567
20.31224567
19.22894567
20.914779
21.212079
20.95534567
19.96064567
19.85694567
19.719379
20.08271233
21.30011233
19.233179
21.15714567
20.55614567
19.97024567
20.51064567
20.307279
20.22984567
21.00914567
20.49731233
20.62994567
19.86614567
20.912479
19.772079
21.10451233
19.55191233
21.23371233
21.278379
20.17431233
20.16634567
20.712479
20.720079
19.65434567
20.38741233
19.389479
20.24684567
20.694779
19.58871233
20.87031233
19.97304567
20.53441233
19.23871233
20.24934567
20.98081233
19.98041233
20.41604567
18.723679
19.81714567
20.03224567
19.948979
20.35174567
20.158979
20.06541233
19.69161233
20.68781233
20.915179
19.13271233
19.70141233
20.07244567
19.14501233
20.531179
21.17361233
20.84091233
20.62171233
20.51971233
19.93481233
20.47834567
20.744179
19.090079
19.85221233
19.309579
20.557879
19.83791233
21.09591233
20.02664567
20.99551233
20.63934567
19.63061233
19.67561233
20.33934567
19.334579
20.137379
21.082679
19.52264567
20.13764567
19.30824567
20.11814567
20.34334567
19.84451233
20.67431233
19.96464567
19.14481233
19.73641233
19.40994567
20.217279
19.61921233
19.35831233
19.328179
20.39244567
18.65994567
19.983179
20.72184567
20.188279
19.457479
20.37494567
20.52951233
20.475079
20.44661233
20.58774567
19.75634567
19.99821233
20.88371233
18.96254567
19.26731233
20.21724567
19.954579
19.90701233
20.45704567
20.02721233
20.279279
19.89901233
21.135779
20.22544567
20.79731233
20.75931233
19.806579
21.014779
19.449179
19.99164567
20.734079
20.811279
20.81424567
19.681879
19.82244567
19.84271233
20.68491233
19.677379
20.72481233
19.787679
19.597079
20.04914567
19.64901233
20.35961233
19.72531233
19.96444567
19.848279
20.48711233
19.46924567
19.67991233
19.662279
19.495779
20.42864567
20.12234567
20.50574567
20.92631233
20.682479
19.79854567
20.50211233
19.46034567
20.106079
20.272479
20.150879
19.21184567
19.586879
19.40824567
19.66994567
19.432879
19.89641233
20.243279
20.14641233
19.50054567
19.346679
21.19781233
19.58814567
20.68411233
20.37141233
20.44484567
19.66274567
20.21491233
19.71671233
20.74364567
19.822779
20.505679
20.68944567
21.37221233
20.57424567
21.281179
21.188979
20.05134567
21.15074567
19.66671233
21.07454567
19.86221233
19.15721233
19.94914567
20.61414567
20.907979
21.26441233
19.873679
20.47401233
19.756479
21.121979
21.25391233
20.629679
19.92594567
20.45454567
20.29041233
21.03284567
19.266479
20.04844567
20.68831233
20.92361233
20.04621233
20.580179
19.17861233
19.54554567
19.663579
19.721179
20.45811233
20.82431233
20.70504567
19.41074567
20.61471233
19.80334567
19.33071233
19.212779
20.11741233
18.89261233
19.54641233
20.91871233
19.637479
20.294679
21.09164567
21.27371233
20.78021233
19.365079
19.75211233
21.76924567
20.626679
20.85044567
20.73501233
21.62671233
19.75031233
19.650679
19.59531233
20.32234567
20.20531233
20.26811233
20.52674567
19.586079
19.453279
20.98114567
20.26944567
19.580479
21.02724567
20.945279
19.894779
21.12624567
19.38354567
20.17704567
19.46864567
20.757279
21.03981233
20.89914567
20.850979
20.42694567
20.51124567
19.102279
20.95654567
20.66574567
20.22484567
19.68244567
19.81271233
20.464979
19.97154567
20.08684567
19.853279
19.98844567
19.80324567
20.58861233
20.16714567
20.68721233
20.845479
20.52031233
21.185179
20.671679
20.80174567
20.26964567
21.19051233
20.86114567
21.21951233
20.47364567
20.60554567
20.06894567
19.37254567
19.44774567
19.70184567
20.72454567
19.796879
21.14364567
19.62154567
19.68114567
20.07131233
19.815979
20.21974567
19.817979
20.736179
20.12994567
20.423379
19.964879
21.022279
20.37861233
20.663479
21.85614567
19.946979
20.73194567
20.498779
20.73331233
20.47474567
20.40151233
21.182579
21.06084567
21.28784567
21.090979
20.56941233
20.488079
20.59061233
20.471279
19.71431233
19.79814567
20.828579
21.24844567
20.31541233
21.48171233
20.22081233
19.92184567
19.61294567
21.308379
20.259979
19.47764567
21.22401233
19.412079
21.23774567
21.55474567
19.40814567
20.71081233
19.430879
20.411279
20.62821233
20.70964567
21.716079
21.31831233
21.02364567
20.117979
20.635179
19.47431233
19.782379
19.550179
19.60131233
20.92431233
20.53181233
19.93011233
20.99371233
21.299379
20.093979
20.126679
21.01631233
20.27314567
19.86914567
20.60241233
20.368879
19.603979
20.384079
20.78161233
20.59014567
20.81131233
20.653779
20.173979
20.91391233
20.076779
20.20231233
19.89591233
20.31991233
20.05164567
20.14214567
21.00964567
21.003579
20.06974567
20.352379
20.55911233
21.11761233
19.917379
20.33214567
20.91351233
20.153179
19.49081233
20.00934567
19.44071233
20.27101233
20.219179
20.159879
20.516879
19.71281233
21.18151233
18.592779
8.993712333
9.993045667
10.24531233
10.234379
10.358279
10.15181233
10.20401233
10.23264567
10.28231233
10.40244567
10.39394567
10.36714567
10.326679
10.36664567
10.40844567
10.41851233
10.39844567
10.43351233
10.40281233
10.31801233
10.385079
10.38324567
10.378479
10.37881233
10.38214567
10.332079
10.434079