10.72821233
16.80641233
16.613779
16.418579
9.344512333
11.42051233
13.25014567
12.89004567
12.91951233
11.36394567
10.11704567
10.142379
9.781445667
9.696145667
10.522879
10.92144567
10.90641233
10.97311233
10.96084567
10.907679
10.473879
10.954479
10.940379
10.979879
10.926879
11.01861233
10.91464567
10.45634567
10.99461233
10.921779
10.97104567
10.77481233
10.46744567
10.19464567
10.16594567
10.16564567
10.150579
10.178479
10.15724567
10.184979
10.176379
10.171979
10.17264567
10.17024567
10.19541233
10.174079
10.186779
10.14911233
10.19421233
10.16761233
10.16234567
10.15501233
10.17621233
10.17104567
10.17631233
10.18841233
9.344145667
9.573245667
9.586245667
9.657612333
9.595445667
9.659345667
9.621479
9.644179
9.608545667
9.666479
10.11471233
10.475079
10.70654567
10.394779
10.38424567
10.39754567
10.32341233
10.38674567
10.379879
11.14024567
10.374279
10.36561233
10.355079
10.321879
10.350979
10.35991233
9.865579
8.759079
8.525045667
8.525879
8.517745667
8.517279
8.520345667
8.531579
8.530912333
8.529545667
8.521112333
8.521445667
8.520045667
8.521912333
8.524079
8.523412333
8.526212333
8.526745667
9.874812333
11.22754567
10.92084567
12.99871233
19.11311233
19.233179
19.870479
20.23944567
20.00364567
20.84474567
20.597179
20.22054567
19.181479
20.19721233
19.40624567
20.56291233
18.64201233
20.567179
19.07061233
20.56294567
20.216979
20.02294567
17.78024567
21.63271233
20.13314567
15.46374567
18.122279
16.62664567
17.738179
16.80624567
17.365479
17.01284567
20.07681233
19.52314567
20.06721233
18.49091233
22.208979
20.09324567
19.89754567
17.59994567
21.87631233
20.08274567
17.30241233
22.144279
19.86251233
20.67931233
20.420779
16.93011233
18.89131233
18.489979
18.37964567
18.60654567
18.42774567
18.457479
19.135979
19.19581233
18.85381233
18.41331233
18.82631233
22.297779
19.31471233
20.40691233
19.27424567
19.33621233
20.32034567
20.595779
18.14671233
20.883379
20.225779
20.79884567
19.47754567
19.417279
18.590079
17.753979
17.60484567
18.63871233
18.05404567
16.76404567
18.88424567
18.44064567
18.98371233
19.602079
19.88924567
20.75114567
21.91871233
18.15744567
21.65934567
19.48841233
19.35381233
20.87854567
19.19081233
18.44501233
20.47714567
19.87271233
20.55421233
18.01861233
21.01584567
20.35234567
18.88144567
20.340879
17.48651233
17.40661233
17.03131233
16.94321233
16.98624567
17.00431233
18.060379
24.15254567
24.12131233
23.51711233
23.67454567
24.179679
19.864279
20.15144567
20.15621233
21.04014567
20.19101233
20.11731233
19.68071233
20.102779
20.422079
20.43794567
20.17064567
19.42004567
22.061279
20.92411233
19.11224567
20.28701233
18.33431233
20.06791233
19.38581233
21.00794567
20.156779
18.426879
20.186879
19.994879
20.08761233
17.84434567
18.30944567
19.551879
19.65264567
19.218379
19.38111233
18.279379
20.632279
20.17571233
20.41564567
18.99314567
18.365579