12.91853425
12.21790925
11.48930925
11.24498425
12.51783425
12.34468425
11.98683425
12.20020925
12.46845925
12.34950925
12.39398425
9.94188425
12.96625925
9.14348425
14.22518425
14.39505925
18.20603425
16.56803425
15.46575925
11.10360925
11.07040925
11.75463425
15.30788425
13.43485925
12.99283425
13.24185925
13.08798425
13.19430925
13.28135925
13.25490925
14.14680925
10.97855925
10.08413425
10.47040925
11.15638425
9.06885925
13.95303425
13.81465925
13.47090925
12.85265925
12.37965925
11.80823425
8.66663425
11.96608425
13.59778425
18.99150925
16.46913425
16.55618425
11.73800925
11.26535925
11.64795925
12.90228425
12.95900925
13.28385925
12.92648425
13.20078425
13.33143425
13.28588425
11.06363425
13.09725925
9.42770925
13.92810925
16.20118425
17.91593425
16.55558425
14.96615925
11.04585925
11.37233425
14.52863425
10.56023425
10.27848425
10.64985925
10.91038425
10.82493425
11.00143425
9.89460925
11.58515925
13.71268425
13.58260925
13.20150925
12.68573425
12.14820925
11.66038425
12.69125925
12.94190925
12.88683425
12.89670925
13.23925925
12.94698425
12.94388425
10.16395925
12.04090925
12.24103425
9.32028425
13.05903425
18.80598425
17.06748425
16.57460925
13.07363425
11.00330925
15.11123425
10.21400925
10.94513425
10.32223425
10.69025925
10.71255925
10.97138425
11.23168425
12.89090925
13.60310925
13.23990925
12.77215925
12.23620925
11.43320925
11.17625925
12.79350925
13.03598425
13.22060925
13.40023425
13.54543425
13.38003425
13.29998425
11.52190925
12.14793425
12.41868425
13.52315925
10.29025925
10.84993425
10.64568425
10.67143425
11.82585925
13.02265925
14.00738425
13.45618425
12.90070925
12.05220925
10.96548425
13.19745925
12.01648425
13.34053425
13.34275925
13.38588425
13.33235925
13.30188425
13.33718425
13.28168425
13.25358425
13.31665925
13.35115925
13.36193425
14.77610925
10.47878425
12.43373425
13.70093425
13.57540925
13.39010925
12.87928425
12.07773425
11.21868425
12.80943425
12.09353425
13.28273425
13.09908425
13.25648425
13.19820925
12.99318425
13.36413425
12.99303425
13.22905925
13.01673425
12.97475925
13.27568425
15.01403425
11.39545925
10.85993425
10.11185925
11.67013425
12.85173425
13.39490925
13.08485925
13.29418425
13.50563425
13.45110925
13.36575925
13.24685925
13.38783425
13.37708425
13.71343425
13.08263425
13.01075925
13.64023425
13.48885925
13.29660925
13.18980925
12.98518425
13.42953425
13.24730925
13.07965925
13.47378425
13.67083425
13.59245925
13.26558425
13.33773425
13.48545925
13.39833425
13.29088425
13.07750925
12.81263425
13.16250925
13.38670925
13.25095925
13.19503425
13.30948425
12.97455925
13.35795925
13.15250925
12.94970925
13.13900925
12.86730925
12.87885925
12.88460925
12.91240925
13.14093425
13.00568425
13.23998425
13.01725925
13.26248425
12.77570925
13.03598425
13.18873425
13.08293425
13.14660925
13.05735925
13.07050925
12.90633425
12.80128425
13.08708425
12.85878425
13.04565925
12.89208425
12.33623425
12.18705925
12.47795925
12.03720925
12.59240925
12.64868425
12.53978425
12.86688425
12.39063425
12.45583425
12.54643425
12.29523425
12.23645925
12.25433425
12.46498425
12.08338425
12.11965925
12.51903425
12.01410925
12.87803425
12.68105925
12.17705925
12.62885925
12.67085925
12.47183425
12.48773425
12.57038425
12.74868425
12.63603425
12.36933425