7.91663425
12.53960925
12.30495925
11.83655925
12.81018425
12.55700925
7.62418425
11.45565925
13.44753425
12.69525925
13.08968425
8.43420925
6.85668425
9.11860925
7.31108425
8.19475925
8.18808425
8.28818425
8.17985925
7.76315925
11.50390925
7.15833425
6.91100925
6.93523425
6.95753425
7.00753425
6.95663425
6.94238425
6.90945925
6.88563425
6.91138425
6.82733425
6.83285925
6.77965925
6.92650925
6.64205925
6.67038425
6.65425925
6.64915925
6.90570925
8.81023425
8.93883425
8.93698425
8.90923425
9.04025925
9.08805925
8.60610925
12.40828425
12.59810925
12.78378425
10.81085925
7.78733425
11.23638425
9.92593425
10.38613425
10.31095925
9.68688425
9.78280925
9.84223425
11.42143425
9.79855925
9.86615925
10.58495925
10.56368425
10.18518425
9.56295925
9.43513425
9.79878425
8.60850925
7.26895925
7.26895925
12.59890925
9.86615925
9.56295925
9.38985925
8.27095925
9.38985925
9.73893425
8.63730925
7.72218425
11.05438425
10.64323425
8.53913425
9.38985925
11.00428425
8.27095925
15.19163425
13.00840925
16.98948425
18.52298425
16.56313425
16.57420925
11.10785925
11.24548425
10.86733425
11.55863425
13.66725925
13.42730925
12.96285925
12.50023425
11.90263425
11.28610925
12.59890925
12.06595925
15.16060925
10.13148425
11.05488425
11.23803425
10.78735925
12.47313425
11.74658425
12.60218425
12.87298425
12.98210925
12.96988425
12.83428425
12.82723425
13.28320925
12.96630925
12.71038425
12.62113425
13.09235925
13.23500925
13.09290925
13.06178425
13.31878425
13.33880925
13.27340925
10.88710925
9.47450925
13.33613425
19.03678425
16.83135925
16.57090925
12.72875925
11.01238425
10.83040925
11.78913425
14.13743425
13.83593425
13.51593425
12.66325925
11.66820925
9.27950925
13.20683425
14.74265925
18.24903425
16.56068425
15.57100925
11.33000925
10.79030925
12.23150925
14.12073425
10.59873425
12.54148425
14.00250925
13.80020925
13.40910925
12.71860925
11.73135925
12.66443425
12.21795925
12.97618425
12.87550925
12.90378425
12.86503425
12.81193425
12.65800925
11.08880925
11.36730925
12.64728425
16.45168425
16.63375925
18.92780925
12.41800925
10.91340925
10.65803425
11.51485925
13.07820925
13.24730925
13.22525925
13.33653425
12.84298425
13.29860925
12.82835925
15.13953425
10.98265925
10.58978425
10.81953425
12.83535925
14.00413425
13.65303425
13.10353425
12.33098425
12.53920925
8.91543425
13.06823425
18.47218425
17.12980925
16.58398425
13.32323425
10.95048425
9.18888425
12.64073425
12.63208425
13.06220925
13.42500925
13.05483425
12.87408425
12.92763425
12.70500925
13.60225925
12.00430925
10.05580925
11.03088425
14.52203425
13.46460925
13.26800925
12.85610925
12.01440925
12.06168425
10.03085925
14.49468425
15.45053425
17.85858425
16.55943425
14.79185925
10.95970925
10.16938425
11.40698425
12.95975925
13.22935925
12.98153425
12.90345925
12.39295925
12.89270925
12.04020925
14.47095925
10.67555925
10.85953425
9.50515925
13.98860925
13.55738425
13.20265925
12.82988425
12.39713425
11.61040925
10.08575925
10.77088425
13.68138425
19.07903425
16.48310925
16.56245925
11.86358425
10.90883425
9.81015925
12.71653425
12.77263425
12.76088425
12.84978425
12.74258425
12.94935925
12.09450925
12.83665925
13.43340925
12.34248425
10.58373425
10.96013425
10.44058425
11.17668425
10.80203425
10.15738425
12.90258425
13.94268425
13.42600925
13.08950925
12.71635925
11.68038425
12.18833425
8.59868425
12.88085925
17.90775925
17.31293425
16.59235925
13.54723425
11.00340925
9.40078425
12.55075925
12.15040925
10.50060925
11.62845925
11.53518425
11.46738425
11.19065925
11.59263425
15.54840925
18.47058425
16.57870925
15.84963425
11.25643425
10.85830925
14.86208425
10.05670925
10.64928425
9.86563425
11.16110925
13.17523425
14.05718425
13.33845925
12.85233425
12.21913425
11.94330925
11.10653425
11.88355925
12.05173425
12.56478425
11.98253425
11.73533425
11.56575925
11.81858425
8.55493425
14.00963425
16.30110925
17.57688425
16.56273425
14.43320925
11.01223425
11.09548425
12.17543425
14.36040925
10.35423425
10.81335925
10.00540925
11.68965925
14.56235925
14.26723425
13.69678425
12.65753425
13.43593425
11.03835925
10.37393425
8.63385925
13.69765925
17.57085925
17.34803425
16.57760925
13.59015925
10.94173425
10.74708425
11.56860925
11.82633425
11.63500925
11.42660925
13.44930925
12.13455925
9.33635925
13.49090925
13.64038425
13.40665925
13.01870925
12.52413425
11.57060925
10.87955925
11.58518425
12.44953425
12.65823425
12.41265925
12.35458425
12.57805925
12.31190925
12.19015925
9.80383425
12.23175925
8.95210925
14.27828425
17.34335925
17.42045925
16.55540925