7.404124884
11.4887993
11.59075279
11.88635744
11.46249698
8.690380698
12.36498535
12.46419465
11.1640086
12.40556674
7.063543488
6.013752791
16.89489233
19.28614814
19.25249698
19.31677605
19.2003807
19.25103186
19.3010086
17.23431093
9.696683023
9.685915581
9.640427209
9.686217907
9.691822558
9.644496977
8.505171395
7.366124884
9.005078372
10.66768302
10.37619465
10.42624116
11.58831093
11.85261326
11.69414814
11.42149698
11.56963651
11.6253807
11.24147372
11.31382256
11.48519465
11.09314814
10.95347372
11.2627993
11.60035744
11.28775279
11.74028767
11.46124116
11.13559
10.98131093
11.41628767
11.43942721
11.19172953
11.68754349
11.58219465
11.78333419
11.58489233
11.80612488
12.00147372
11.74140395
11.98531093
11.9783807
11.49265977
7.413357442
8.767403953
7.796124884
7.723613256
7.762915581
7.845008605
7.807985349
7.59886907
8.148078372
14.54193884
14.74526442
15.82042721
15.20840395
15.38077605
15.09642721
15.34770628
15.11663651
15.3191714
15.27610163
15.08884581
15.35445047
15.09693884
15.30663651
15.25424116
15.09445047
15.35214814
15.18619465
15.14303186
15.27975279
15.17505512
15.14721791
15.33533419
15.15891558
15.15282256
15.33452023
15.09026442
15.1570086
15.31391558
15.12565977
15.1303807
15.28996209
15.14689233
15.1583807
15.29356674
15.07977605
15.2530086
15.18086907
15.05893884
15.3111714
15.08228767
15.26935744
15.19596209
15.07442721
15.36375279
15.06396209
15.24612488
15.24303186
16.25640395
15.8351714
10.65203186
12.47270628
12.53168302
13.05426442
13.44570628
13.40731093
13.07093884
13.16863651
13.20812488
12.90831093
13.20903186
13.17784581
13.00747372
13.1817993
13.10447372
13.18521791
13.23526442
12.96403186
13.13312488
13.07059
13.13884581
13.20003186
12.95235744
13.19477605
13.06970628
13.12198535
13.15389233
13.08089233
13.17619465
13.00470628
13.21096209
13.05342721
13.15186907
13.07889233
13.04663651
13.18777605
12.9900086
13.17919465
12.9897993
13.24091558
13.08752023
13.13431093
13.14468302
13.07024116
13.2277993
13.01472953
13.1667993
12.93621791
13.19777605
13.07840395
13.0600086
13.16989233
12.96735744
13.11303186
13.00803186
13.17652023
13.08145047
13.03591558
13.17207837
12.97475279
13.18049698
13.07970628
12.97545047
13.15684581
12.99093884
13.09482256
13.14840395
12.86226442
13.16277605
13.03835744
12.84886907
13.0047993
13.05756674
13.56626442
13.80859
13.58589233
10.4520086
8.770729535
7.961938837
7.216496977
8.943264419
8.133776047
8.267403953
8.339566744
7.82359
7.496334186
14.53724116
14.71761326
15.82010163
15.42793884
15.38965977
15.10872953
15.34670628
15.12514814
15.32598535
15.28833419
15.10514814
15.33856674
15.10403186
15.31419465
15.24372953
15.11159
15.34465977
15.18824116
15.13547372
15.28261326
15.17742721
15.14947372
15.34414814
15.12770628
15.16445047
15.32940395
15.09391558
15.15440395
15.29463651
15.14042721
15.09486907
15.27984581
15.13419465
15.16370628
15.31345047
15.06540395
15.27563651
15.17277605
15.05735744
15.34135744
15.08465977
15.28659
15.19163651
15.07063651
15.38996209
15.05982256
15.25368302
15.25926442
16.27049698
15.83663651
10.69691558
12.52063651
12.51965977
13.06347372
13.45445047
13.45131093
13.05877605
13.20224116
13.23228767
12.92135744
13.21061326
13.19368302
13.02656674
13.19731093
13.09924116
13.19631093
13.22665977
12.96640395
13.14961326
13.07084581
13.1603807
13.20603186
12.95972953
13.19796209
13.0633807
13.16505512
13.16359
13.11077605
13.18663651
13.03177605
13.22421791
13.03533419
13.17075279
13.1110086
13.08749698
13.21310163
13.01221791
13.20321791
13.00354349
13.19519465
13.0581714
13.14412488
13.12196209
13.10435744
13.22686907
13.01270628
13.17033419
12.92010163
13.20254349
13.07047372
13.05242721
13.13107837
12.98468302
13.11447372
12.96847372
13.21363651
13.0910086
13.06261326
13.18910163
12.94398535
13.22433419
13.05765977
13.03165977
13.15914814
12.9280086
13.13445047
13.14696209
12.88903186
13.15428767
13.00370628
12.89586907
12.9910086
13.09989233
13.63186907
13.76128767
13.60063651
10.01770628
8.831217907
7.769008605
7.169380698
9.029194651
8.15614814
8.281985349
8.353729535
7.72959
8.351683023
14.60565977
14.85203186
15.82505512
15.37572953
15.39152023
15.09454349
15.34854349
15.16740395
15.2603807
15.33919465
15.06607837
15.32324116
15.13854349
15.26105512
15.28203186
15.08428767
15.33645047
15.24442721
15.09598535
15.22775279
15.23605512
15.11982256
15.31928767
15.22252023
15.1180086
15.3031714
15.13135744
15.1350086
15.26426442
15.19224116
15.07603186
15.26431093
15.19007837
15.14105512
15.29754349
15.08831093
15.20896209
15.24465977
15.03198535
15.32963651
15.10247372
15.27928767
15.24684581
15.03912488
15.35056674
15.07886907
15.24189233
15.36886907
16.23489233
15.12628767
10.98135744
12.56693884
12.53384581
13.11368302
13.46747372
13.43724116
12.99472953
13.20286907
13.26049698
12.88752023
13.17533419
13.12693884
13.08552023
13.19563651
13.05731093
13.22165977
13.19433419
13.00342721
13.13698535
13.02065977
13.1743807
13.16049698
13.02135744
13.19135744
13.01349698
13.19284581
13.13345047
13.14010163
13.19954349
13.00507837
13.20005512
12.97452023
13.2090086
13.07212488
13.10468302
13.16535744
13.03486907
13.19442721
13.01621791
13.20070628
13.0217993
13.1560086
13.09082256
13.10735744
13.23277605
13.0477993
13.17128767
12.92205512
13.18933419
13.04070628
13.10596209
13.12261326
13.02163651
13.1110086
12.95165977
13.22224116