19.314679
18.93144567
18.911079
19.31034567
19.05934567
18.89181233
19.02411233
19.07981233
18.09201233
19.94131233
19.00521233
17.508879
20.45301233
19.112679
17.292779
20.196579
19.06711233
18.20401233
18.46121233
20.162579
19.46024567
17.74911233
20.133779
19.019279
17.42734567
20.412379
19.400379
17.254179
19.88231233
19.77781233
17.311779
20.24981233
19.48384567
17.24384567
19.970179
19.26231233
17.03554567
15.42811233
11.16784567
16.14404567
16.50684567
16.33111233
20.80381233
17.543479
17.24701233
19.52774567
19.11874567
16.79814567
19.688079
19.38104567
16.912979
20.38311233
19.176779
17.582179
20.33074567
19.24294567
17.83871233
19.618279
19.56174567
17.698079
18.65431233
20.09104567
18.347879
18.84901233
20.067679
18.36284567
18.62031233
19.84221233
19.18274567
17.13761233
20.14034567
18.788379
18.32841233
18.263879
20.11934567
18.259979
18.770679
19.83734567
18.73794567
19.04061233
19.26661233
18.76591233
19.10984567
19.28971233
19.039779
19.03764567
19.602779
19.825879
17.157879
20.35521233
19.123879
18.62791233
18.49744567
19.690479
18.65074567
18.888279
19.50954567
18.752679
19.00471233
19.455979
19.628879
16.86984567
19.676879
19.11824567
18.44824567
18.581579
19.44641233
18.79724567
19.14591233
19.47024567
18.930679
19.10321233
19.573579
18.98631233
19.18721233
19.31931233
18.723279
18.95454567
18.90504567
18.04014567
18.94731233
11.03541233
16.02194567
16.236779
16.40641233
16.08174567
16.13611233
20.618879
18.088979
17.84484567
19.154479
18.62851233
17.14851233
19.71134567
19.555879
16.74544567
20.35431233
19.401179
17.29484567
20.60631233
19.29504567
17.545079
20.40484567
18.93901233
17.59761233
19.97851233
19.44641233
17.895379
19.69724567
19.703879
17.99124567
19.36891233
19.869579
17.85081233
18.604479
20.12064567
19.04514567
17.61484567
20.192379
19.10344567
17.565379
20.477279
19.36894567
17.34291233
20.85911233
19.39134567
17.32294567
20.409579
19.54004567
17.30571233
20.42704567
19.09381233
18.477079
18.58124567
20.180179
19.54964567
18.36434567
19.86601233
19.519379
17.39704567
20.206079
19.35531233
18.87034567
18.93781233
19.209779
18.73764567
19.008179
19.072479
18.74484567
18.42971233
19.47601233
19.123679
18.16304567
20.01444567
19.18494567
17.76161233
20.463879
19.18361233
17.58244567
20.468979
18.99251233
17.29444567
19.83131233
18.83324567
17.14291233
14.784279
11.59581233
16.580779
16.73764567
16.774079
20.53924567
18.20201233
18.15771233
19.11831233
18.65324567
17.22451233
19.898779
19.42511233
16.96334567
20.130479
19.53944567
17.28124567
20.40081233
19.28131233
17.48501233
20.589379
19.160779
17.392279
20.29274567
19.05814567
17.77201233
20.01261233
19.453279
18.86671233
18.91381233
19.48541233
19.923479
16.99444567
19.933779
19.41474567
17.28264567
20.53791233
19.418879
17.499579
20.60474567
19.44544567
17.51391233
20.36304567
19.292079
17.68351233
20.199979
19.25684567
17.842879
19.74181233
19.46404567
17.92674567
18.92624567
20.007079
18.00221233
18.683479
20.12331233
19.68931233
18.345479
20.06961233
19.58781233
17.32911233
20.22524567
19.03461233
17.74801233
20.145079
19.23821233
17.77184567
19.033279
20.069579
17.790979
18.621279
20.10084567
18.35084567
18.86694567
20.20254567
18.395579
18.78684567
19.78704567
18.33744567
19.02031233
18.90634567
18.10214567
18.94414567
10.667579
16.16574567
15.95734567
16.24931233
16.00331233
20.50654567
17.99554567
17.925079
19.41154567
18.704579
17.094479
20.105379
19.584879
17.01021233
20.26254567
19.43204567
17.24674567
20.381479
19.196879
17.47374567
20.220179
19.063479
17.58414567
19.78984567
19.25661233
17.812679
19.20734567
19.762379
19.196679
18.777179
19.51834567
19.77181233
17.30664567
20.26341233
19.515179
17.12004567
20.69504567
19.41314567
17.52741233
20.60051233
19.427479
17.587179
20.61051233
19.32994567
17.65141233
20.43721233
19.18164567
17.783179
20.41161233
19.21861233
17.821979
19.85401233
19.51354567
17.89961233
18.63711233
19.26311233
18.30571233
18.748379
19.64994567
18.66534567
18.93354567
19.240079
18.91281233
19.06971233
19.05251233
18.910279
18.892579
19.073779
19.13611233
18.49784567
19.454979
18.83474567
17.270479
20.272679
19.23954567
17.29284567
20.59634567
19.46634567
17.15184567
19.84721233
19.050579
17.14304567
15.177779
11.09664567
16.153779
16.30231233
16.44141233
20.83321233
17.984679
17.27701233
19.90161233
18.83764567
17.00754567
20.123379
19.823079
16.881779
20.43614567
19.573079
17.29964567
20.40614567
19.41161233
17.468579
20.027679
18.98574567
17.57111233
20.12354567
19.10334567
17.55611233
19.06144567
20.15614567
17.70891233
18.74081233
20.28071233
18.231679
18.96051233
20.106379
18.636279
18.915979
20.012979
18.727679
18.945779
19.98034567
18.66171233
18.81404567
19.975879
18.695079
18.878479
19.33871233
18.80724567
18.95944567
19.079279
19.07104567
19.02731233
19.37701233
19.297279
17.12964567
19.84231233
19.24681233
18.90081233
18.76191233
19.29804567
18.39054567
18.92851233
18.958279
18.72271233
18.53891233
19.57621233
18.663679
17.460779
20.32501233
19.219579
17.301379
20.35894567
19.02274567
16.81404567
20.289179
19.085279
17.42751233
19.978779
19.20424567
17.69394567
19.20321233
19.77061233
17.07011233
17.064679
10.845179
16.29274567
16.54414567
16.21884567
20.668379
18.227579
17.268279
19.73954567
19.110279
16.87734567
19.625879
19.52351233
16.912379
20.290479
19.42454567
17.44031233
20.536479
19.19171233
17.75621233
20.19624567
19.13721233
17.77704567
19.185379
19.86524567
18.07201233
18.80321233
20.35114567
18.173979
18.73674567
20.34804567
18.37631233
18.784579
20.21141233
18.478879
18.86021233
20.10064567
18.624879
19.01534567
20.13231233
18.55291233
18.75494567
20.241979
18.47981233
18.75514567
19.74414567
18.63971233
18.923979
19.377479
18.92474567
19.023679
18.09794567
18.98301233
17.384079
20.19004567
19.20001233
17.28601233
20.388679
19.38411233
17.239479
20.26324567
19.41044567
17.29721233
20.414779
19.28981233
17.09221233
20.356079
19.05484567
17.72551233
19.53721233
19.68361233
17.78651233
18.85504567
20.30434567
17.980279
18.75531233
20.29264567
18.13094567
18.52524567
19.86664567
17.62144567
18.12251233
10.90341233
16.034779
20.660279
17.70444567
19.43961233
18.41734567
18.565679
19.57754567
18.534279
19.41931233
17.30204567
19.85974567
17.80991233
20.10884567
18.358879
19.626479
18.907579
18.343779
20.314379
18.551579
19.305179
18.13621233
19.739679
18.08001233
20.25814567
18.44551233
19.91154567
18.69461233
18.84734567
19.68234567
18.51251233
19.16881233
18.28784567
19.51324567
18.035179
20.052879
18.12501233
19.53604567
18.579779
18.17611233
20.05234567
18.499379
19.17811233
17.658779
19.77104567
18.26301233
19.749879
18.535579
18.609479
19.723379
18.533279
19.34464567
18.18364567
19.55314567
17.66971233
19.685079
18.16661233
15.64741233
11.302179
9.580945667
9.186979
9.715479