9.869645667
12.24944567
16.881779
17.31824567
17.385379
16.24234567
13.668879
17.336079
13.76471233
11.026479
11.08104567
17.63624567
11.94974567
17.46161233
17.63024567
17.519179
17.87504567
12.14361233
12.11824567
11.278479
9.665012333
10.23324567
10.00104567
10.944079
17.050879
17.43924567
17.61764567
14.989479
12.99594567
14.49391233
9.965279
14.19771233
15.32084567
13.243379
13.22801233
11.738979
15.93251233
16.01581233
16.029779
16.03164567
16.208879
16.247279
16.265579
16.24931233
13.57274567
16.79384567
12.82761233
16.271579
10.50634567
11.63504567
11.63031233
11.61774567
11.619279
11.684479
11.658179
11.63574567
11.679879
11.67961233
11.929979
11.97234567
11.99194567
11.97991233
11.897079
11.956879
11.94744567
11.90271233
11.87394567
11.752379
11.898979
11.944479
11.94484567
11.90221233
11.96434567
11.969679
11.89901233
11.92721233
11.93401233
11.88994567
11.92611233
11.93751233
11.92031233
11.92674567
11.932379
11.91961233
11.89394567
11.93911233
11.916479
11.88091233
11.95694567
11.92111233
11.88771233
11.96994567
11.93114567
11.874579
11.855979
11.821279
11.898979
11.913979
11.94011233
11.88111233
11.927479
11.93174567
11.88044567
11.917179
11.94804567
11.909779
11.899079
11.93424567
11.90004567
11.89444567
11.94631233
11.90124567
11.890279
11.93141233
11.91341233
11.86874567
11.926279
11.91781233
11.86794567
11.929979
11.91311233
11.858279
11.929879
11.80904567
11.68101233
11.909379
11.91114567
11.86611233
11.89171233
11.900379
11.87894567
11.90121233
11.901879
11.87001233
11.87491233
11.89564567
11.881479
11.861779
11.82734567
11.67274567
11.84344567
11.88744567
11.88044567
9.978579
17.843979
16.779379
16.81871233
16.527779
14.50481233
16.569079
16.65501233
16.557679
16.779379
16.543079
16.017079
16.81871233
16.50214567
17.45074567
16.527779
18.400379
18.918779
19.00531233
18.17084567
19.252679
20.30274567
17.546579
20.30634567
19.52804567
17.544879
20.48114567
18.70191233
19.12144567
19.458279
18.03191233
19.667679
19.984679
17.544279
20.579079
19.13491233
17.72881233
20.064879
18.80051233
19.15421233
19.345879
18.10854567
19.021279
20.03584567
17.50974567
20.480979
19.29754567
17.574879
20.45954567
18.66631233
19.16061233
19.469679
18.14054567
19.17701233
20.22474567
17.53644567
20.349779
19.493579
18.024679
20.23514567
18.72881233
19.22314567
19.723479
17.776179
19.84501233
19.801279
17.597979
20.480679
19.113579
18.823779
19.40314567
18.60451233
19.03014567
20.04304567
17.66431233
20.407879
19.567379
17.404179
20.06754567
18.43344567
19.052379
11.190479
16.962579
16.867479
16.987179
17.304479
19.87444567
17.31951233
18.00621233
16.45774567
17.90581233
16.75144567
19.12321233
19.57354567
17.69614567
18.99224567
20.192279
18.00311233
18.93191233
20.46181233
17.90554567
18.74761233
20.23141233
18.22841233
18.73064567
19.90584567
18.486679
18.95724567
19.50211233
18.73981233
19.045879
19.323679
18.71241233
19.02624567
19.29591233
19.195679
19.055179
19.62624567
19.03264567
18.91624567
19.39941233
19.15141233
18.650579
19.640679
19.03981233
18.171079
19.867079
19.081979
17.55431233
20.567279
19.05514567
17.26371233
20.50521233
19.45224567
17.37284567
20.651179
19.50054567
17.36111233
20.31091233
19.681979
17.336079
20.372779
19.63894567
17.296779
20.58484567
19.671979
17.416879
20.71201233
19.75754567
17.33134567
20.03851233
19.53914567
17.412179
20.397879
19.549279
17.444579
19.94114567
19.28694567
17.67411233
20.230479
19.474579
17.18341233
16.151579
11.02034567
15.99201233
16.96854567
17.33681233
19.88011233
17.44964567
18.08644567
18.70541233
18.349679
17.11851233
20.467079
18.96604567
17.207279
20.42634567
19.64044567
17.19221233
20.35594567
19.44554567
17.365979
20.28981233
19.441279
17.330979
20.33174567
19.50981233
17.59114567
20.548479
19.45614567
17.562679
20.27871233
19.21641233
17.82094567
20.05211233
19.46181233
17.79844567
19.50684567
19.88504567
17.933879
19.10361233
20.095179
17.983379
18.52631233
20.44534567
18.21841233
18.66344567
20.139579
18.30351233
18.644879
20.14641233
18.648679
18.79004567
19.691379
18.730479
18.98241233
19.39664567
18.981379
19.13454567
19.35231233
18.76294567
19.082079
19.33761233
19.149579
19.09194567
19.31574567
18.89891233
18.985979
19.56531233
19.142179
19.03011233
19.48491233
18.88954567
18.57814567
19.70481233
19.227379
18.45244567
19.753879
19.19621233
18.11871233
19.57261233
18.80861233
18.74601233
12.20254567
16.00954567
16.397379
16.20984567
16.331879
19.91781233
18.03681233
18.498979
14.59314567
20.444579
18.178779
18.27761233
19.56754567
18.87834567
17.93711233
20.154379
18.89334567
17.29891233
20.42364567
19.39351233
17.20051233
20.106179
19.60314567
17.33174567
20.26554567
19.68244567
17.388079
20.31091233
19.50414567
17.43891233
20.27821233
19.36751233
17.362779
20.362379
19.21641233
17.596979
20.21564567
19.321179
17.75364567
19.27531233
19.79514567
17.92004567
18.677279
20.39971233
18.028879
18.593379
20.24721233
18.268279
18.72081233
20.14201233
18.52094567
18.76041233
19.80814567
18.710379
19.02854567
19.50431233
18.74274567
19.03001233
19.43384567
18.951279
19.11341233
19.19114567
19.025879
19.06931233
19.25091233
19.168079
19.02474567
19.318079
19.07011233
18.64714567
19.426479
19.137279
18.19824567
19.961279
19.188079
17.947179
20.20781233
19.17324567
17.63994567
20.12401233
18.46024567
18.070679
13.19751233
15.70471233
16.87451233
17.02801233
16.793179
20.11834567
18.07521233
18.51384567
18.302679
18.84021233
17.47604567
20.30284567
19.04034567
17.255779
20.156479
19.53851233
17.11591233
20.39734567
19.79351233
16.798879
20.34454567
19.61204567
17.44951233
20.376679
19.12691233
17.570679
20.26584567
19.214479
17.725779
18.746179
18.724979
18.840279
17.91931233
19.85321233
18.960279
17.233079
20.14984567
19.07891233
17.19951233
20.11974567
19.30161233
17.352579
20.260979
19.221179
17.56191233
19.919779
19.342779
17.86674567
19.15181233
19.890379
17.99804567
18.61301233
20.49734567
18.077779
18.622379
19.921179
18.415079
18.70711233
19.58434567
18.71614567
19.129379
19.25394567
18.94174567
19.138779
19.339779
18.84744567
19.10894567
19.35051233
19.02304567
18.973179
19.20994567
19.136579
18.73844567
19.440079
19.227879
18.469579
19.642379
19.21334567
18.09264567
19.63214567
18.453879
18.585279
12.702379
16.30544567
16.239179
16.52984567
16.58711233
20.265479
17.71751233
18.186479
19.05871233
18.81014567
17.29391233
20.500179
19.06374567
16.970079
20.21981233
19.771279
17.27234567
20.226679
19.813879
17.25284567
20.22614567
19.520179
17.47321233
20.40214567
18.28621233
17.61684567
19.65941233
19.66011233
18.45574567
18.73051233
19.612079
19.615079
16.91201233
20.05401233
19.099879
17.490879
20.15364567
19.19544567
17.43821233
18.68661233
20.143779
18.01064567
18.807379
20.26474567
18.19751233
18.59234567
19.63711233
18.77291233
18.94294567
19.44824567
18.825579
19.04681233
19.01024567
19.020479
19.048179
19.18684567
18.95794567
18.88171233
19.10454567
19.076779
18.31671233
19.64904567
19.139779
17.81891233
20.356579
19.20511233
17.58324567
20.833779
19.145479
17.39014567
20.77874567
19.32781233
17.32071233
20.74341233
19.41554567
17.343579
20.433379
19.49881233
17.326379
20.003279
18.98284567
17.33981233
14.93324567
11.15981233
16.49021233
17.15034567
17.48971233
20.557679
18.068179
18.151679
19.311179
18.72554567
17.38761233
20.78621233
18.62881233
17.14051233
19.718079
19.633979
17.161079
20.31014567
19.729079
17.41211233
20.49811233
19.455779
17.18491233
20.62421233
18.797079
17.576679
18.61464567
18.98071233
18.765979
18.201579
19.743679
19.48201233
17.369179
19.43044567
19.89291233
18.85811233
18.94121233
19.18924567
18.64521233
18.802779
19.02251233
19.125879
18.04421233
19.909179
19.024579
17.376379
20.193379
19.30581233
17.312279
20.26464567
19.32791233
17.25741233
19.98941233
19.32601233
17.448579
20.32861233
19.160979
17.53794567
20.59984567
19.139079
17.75111233
20.14271233
19.38284567
17.773979
19.722379
19.88201233
17.84091233
19.548379
20.03201233
17.97541233
19.28424567
20.215679
18.02094567
19.46334567
20.19111233
18.033079
19.312079
20.313079
18.06731233
18.68531233
20.30341233
17.33251233
17.54861233
10.985379
16.74681233
16.61294567
16.52454567
20.697179
18.02934567
17.72921233
19.557479
18.63534567
17.09161233
19.67311233
19.736379
17.16551233
19.978379
19.67351233
16.91744567
20.47431233
19.59841233
17.537879
20.05591233
19.29651233
18.39174567
18.85634567
19.431479
18.470979
17.01141233
19.65231233
18.92581233
17.30434567
19.444979
20.004579
17.91814567
19.167979
20.257279
17.76404567