9.826422647
15.28424618
13.10739324
9.780128529
16.08321676
9.963510882
8.499716765
8.177952059
8.373540294
10.88415794
15.72618735
10.75971676
9.936128529
9.354540294
9.615805
8.325805
10.49454029
12.82965794
12.46612853
12.27592265
12.73321676
12.60401088
12.607805
12.90954029
14.025305
12.68742265
12.88912853
12.92236382
12.64462853
12.83639324
12.82424618
12.97968735
14.88686382
13.585805
12.97401088
13.02536382
12.88733441
12.78989324
12.80415794
12.91533441
12.67039324
15.05774618
12.87598147
12.82986382
12.78783441
12.99342265
12.95504029
12.63442265
13.07948147
12.83806971
13.91662853
12.753805
12.84477559
12.80242265
12.68965794
13.17774618
12.90915794
12.77665794
12.91262853
15.77539324
12.83851088
12.87833441
12.90512853
12.94474618
12.83186382
12.59283441
12.75498147
14.94789324
13.17415794
12.73465794
12.97192265
12.79259912
12.65015794
13.03586382
12.86724618
13.09871676
15.450305
12.96459912
12.78204029
12.62362853
12.76236382
13.02683441
12.48065794
12.81904029
14.69836382
12.65315794
12.785805
12.58627559
12.69871676
12.608305
13.00342265
12.94801088
14.19671676
12.91948147
12.64009912
12.62609912
12.81845206
12.81224618
12.86098147
12.66659912
14.496305
13.23942265
12.67262853
12.71609912
12.79639324
12.60286382
12.77212853
12.964305
13.39868735
14.34177559
13.03615794
12.819805
12.47551088
13.12924618
12.66356971
12.78104029
12.72768735
15.31165794
12.69927559
12.90256971
12.93871676
12.96801088
12.58777559
13.04004029
12.71548147
14.07686382
13.19468735
12.93386382
12.93018735
12.512805
13.26706971
13.08989324
12.33104029
13.15218735
13.732305
12.79671676
12.94518735
13.11545206
12.683305
12.81636382
12.99342265
12.64312853
14.11109912
12.88709912
12.98168735
12.67977559
12.58039324
13.02468735
12.53571676
12.16351088
14.40654029
13.09256971
12.93448147
13.36677559
12.741305
12.70421676
12.71836382
12.43709912
13.598305
15.05789324
12.94386382
12.83524618
12.89504029
12.74915794
12.79527559
12.80998147
12.43059912
14.63368735
13.08204029
12.69977559
13.18304029
12.96977559
12.75236382
12.70224618
12.90712853
12.77562853
13.92415794
12.97921676
13.22671676
12.51621676
12.66945206
12.97986382
12.80474618
12.42448147
12.90551088
15.18054029
12.564305
12.75583441
13.02489324
12.85198147
12.63636382
12.89245206
12.99592265
12.95033441
15.35312853
13.13986382
12.69036382
12.83621676
13.02601088
13.21609912
12.75115794
12.581305
14.55548147
12.81295206
12.89509912
12.92745206
12.90201088
12.64589324
12.56756971
12.95771676
14.07295206
13.91262853
9.215481471
13.04577559
14.10621676
13.93724618
13.90989324
13.76195206
13.67968735
13.81962853
13.94842265
15.18339324
14.02595206
13.75636382
14.22127559
14.08189324
14.45315794
14.28451088
15.07536382
14.32204029
13.87674618
15.98206971
14.15312853
14.77306971
14.23565794
13.831305
16.18818735
14.10604029
14.46045206
14.29348147
14.12636382
14.62445206
14.09371676
14.51106971
14.49448147
14.27274618
14.41804029
14.82451088
14.35986382
14.44689324
13.83404029
14.70524618
14.09821676
14.39618735
14.50527559
13.85465794
14.34483441
13.96809912
13.95001088
14.89406971
14.89574618
15.96636382
13.98286382
14.582805
14.544805
14.96398147
14.96398147
14.45665794
13.94786382
14.70774618
14.23795206
14.81759912
16.20365794
14.60256971
14.57439324
14.32265794
14.57533441
14.52756971
14.12392265
14.583805
13.65865794
14.62056971
15.72377559
14.36918735
15.02436382
13.20148147
14.18012853
14.18189324
14.91124618
13.87286382
14.27459912
14.52201088
15.53301088
14.96045206
14.26598147
14.60345206
14.23774618
14.75356971
14.48571676
14.20504029
14.03548147
14.34051088
14.21824618
15.70604029
13.93939324
14.37265794
14.39009912
15.65789324
14.30386382
13.942305
14.09171676
14.46348147
15.20151088
14.86862853
14.24442265
14.31327559
16.11339324
14.21821676
14.24598147
14.75865794
14.89992265
15.31004029
13.87589324
14.15818735
14.207805
16.47074618
14.40068735
14.17856971
14.73204029
14.83818735
14.07101088
14.23954029
14.50948147
14.133305
15.05521676
9.322599118
14.28904029
15.47045206
14.12765794
15.24151088
15.56271676
14.15968735
15.42086382
14.58136382
15.711805
16.82471676
15.28692265
14.98406971
15.45539324
15.63415794
14.47665794
16.83704029
15.54095206
15.72574618
15.29633441
15.332805
15.07515794
14.93633441
15.41912853
16.49777559
15.47615794
15.38018735
15.58765794
15.99704029
14.92842265
16.58862853
15.17633441
15.29568735
14.96506971
16.29495206
16.044805
15.28127559
15.27756971
15.88315794
15.72462853
14.44706971
15.80677559
14.94415794
15.17112853
15.60701088
15.83756971
15.36762853
15.66995206
15.25877559
15.79174618
15.77501088
15.18821676
14.61692265
15.57412853
14.44898147
15.13386382
15.57189324
16.23295206
15.65506971
16.12089324
15.59042265
14.91559912
14.59001088
14.47459912
15.210805
15.33892265
16.43189324
16.79548147
15.71862853
14.338305
16.18151088
16.19006971
15.49283441
16.30233441
16.85156971
16.56462853
16.65642265
14.33245206
15.37942265
16.20148147
17.33459912
15.21656971
16.47151088
15.40565794
14.879805
15.46004029
14.48083441
17.18227559
15.24739324
15.00586382
14.79451088
16.29065794
16.08812853
14.85195206
14.96033441
14.81439324
15.39665794
15.24851088
17.11354029
16.23998147
15.46762853
15.967305
15.06342265
15.61289324
15.98989324
15.28168735
15.57521676
15.45589324
15.12933441
16.126305
17.32886382
14.89142265
15.01654029
14.41754029
14.93409912
15.52674618
16.60339324
15.32118735
15.21883441
15.50859912
16.07586382
17.45327559
15.527305
15.29574618
15.88862853
15.48512853
15.92277559
15.93268735
15.74398147
14.96874618
15.08109912
16.08668735
16.37174618
15.88345206
15.65383441
15.27733441
16.05209912
16.51271676
15.69418735
15.56151088
15.33668735
14.59471676
15.57474618
16.08768735
15.96736382
15.41886382
15.41756971
16.33118735
14.95548147
16.83539324
10.57624618
15.30656971
17.12689324
15.07615794
15.94233441
15.73668735
15.34236382
16.56877559
17.33448147
15.886805
16.43809912
16.49568735
15.86924618
17.05101088
16.38009912
15.83733441
15.42321676
17.30398147
15.77606971
17.05218735
15.98109912
16.55292265
15.79956971
16.71724618
16.49189324